460293931
1691382
20619088
50585317
121743645
262057194
370209958
941592188
1532316010
580120
860103
1603888
3679829
9829001
10456945
15574319
16765917
17839757
36064392
42610611
43419078
45541300
46437686
48731844
55075960
56503685
57900445
75678978
77048948
83085076
83683636
84373112
86199595
87686732
88939846
93892170
100225599
119826890
120640688
122611501
137087930
175735264
175899362
178811798
184166388
188764988
250810050
270033451
274713808
280438657
281599737
282428048
282742313
283842092
286294258
289122129
294776308
295701335
296851212
301096587
302798567
303966892
304513352
304646619
313091463
313453095
314558168
315846692
327934388
330488573
332631313
342151284
343287033
346099631
349201969
352083248
361724350
363330023
370415815
370602553
374188945
380867489
382611105
390381653
390960417
393616366
402211282
403414993
405141522
405521959
411741031
415637570
417432621
417780129
423646947
429725460
438363367
443530474
443781471
443906031
444018957
445392785
450490128
450634828
452076613
461563843
463385269
463999104
467356334
469206734
474515880
494735906
495470602
498143850
508824641
510579449
512536216
517532002
519433883
519433886
522740942
523061181
523505311
523671948
526317172
526482901
528534923
530500462
530617834
534123708
540764611
541096598
542742411
562005812
563204989
569538382
572927671
575735850
582855880
584008059
592066870
598138686
601087910
602169923
605775043
614905431
615296433
615661571
616605113
617876836
619021873
623350089
623815877
625529434
630223296
631065010
632770316
632824564
634101728
643109076
643364805
648094245
651993462
653468320
654388541
673423783
694047903
695745726
704076981
714352489
715690118
721232457
729628831
731404501
734267770
739888521
742989177
743699778
747632507
749825872
752156089
773640024
775638801
781402490
781907630
782264132
783182812
785800399
792757665
793447393
794024453
794819588
804268881
805876560
813557065
815943279
826295245
826760658
834504827
836876367
839114758
840032086
840046163
840390198
842966696
844193213
847042657
853391801
859130651
862153500
863164291
867658450
870556373
871788749
873171476
873734946
877650353
892340741
893481813
897889590
905176132
905765822
906445908
912236528
912584928
915476925
916948637
918803752
919341291
921188105
928961873
929941193
937180649
942233305
945274691
946809274
947503445
953650958
954425398
957180862
964025374
964919047
984988338
985877096
985899931
990687932
991252155
991401559
992329175
995311861
1015720762
1016743877
1017142555
1019002334
1022347200
1030792399
1031643675
1036217295
1041940844
1043449125
1045613283
1052378026
1059335184
1059381939
1072980154
1074935161
1076612391
1085048920
1099236379
1101305830
1105040164
1107137015
1120855289
1121181141
1129120775
1129575490
1141836045
1142674580
1146724173
1147178738
1157482624
1158854845
1160289050
1162255393
1165323784
1173211602
1187547800
1191511313
1192642958
1216783184
1220554882
1223355936
1226390001
1239222100
1240791592
1241814588
1242869309
1242990349
1244537971
1244725975
1245410150
1249706001
1265337761
1290588700
1298231484
1305502019
1315462719
1326499774
1330662990
1339897461
1343839102
1360473307
1361912556
1362379163
1370020086
1374082624
1409185114
1411854779
1418973095
1424132309
1427429236
1439802657
1455890659
1456542521
1462977350
1468652306
1476486305
1481113557
1500135327
1509047300
1513095066
1515960607
1525907343
1533727716
1540694110
1561053253
1576918237
1584572020
1593404133
1596701365
1597697018
1623997780
1635047020
1635451811
1640150739
1659551279
1663287097
1689719502
1692351336
1697023253
1714754145
1730392813
1730537490
1739394174
1739498028
1743522075
1746665340
1784724269
1792555707
1796699168
1802180363
1803211411
1808827090
1814012817
1825611981
1833835862
1842961561
1849347771
1903975084
1908638732
1939429808
1941182540
1950096767
1963336221
1982346192
1984268016
1989006006
2079096741
2175413495
2225385446
2235440340
2236497314
2238247815
2244902250
2257140244
2295869224
2301183424
2313888516
2335092278
2336429328
2338064957
2363509466
2365698801
2373325810
2387918842
2474651493
2501629279
2530612652
2539558142
2567889455
2570682149
2570763205
2577832150
2578072295
2579358178
2594843529
2623911120
2628575788
2635403466
2722656639
2753314955
2805874583
2843425838
2846810417
2847212226
2857065532
2857752243
2958422975
2971747006
3046075326
3067522146
3102773024
3107142096
3117542238
3265855619
3371395840
3413305955
3471197982
3484787906
3576856037
